36
48
49
53
57
62
63
67
77
94
95
147
156
175
176
197
200
207
241
243
245
258
270
318
327
329
332
338
353
360
370
391
394
422
503
508
522
552
563
564
576
586
587
589
590
597
606
633
639
655
681
694
736
773
804
812
828
830
837
853
866
875
897
905
928
953
958
960
967
978
980
982
988
1002
1003
1009
1050
1062
1065
1079
1096
1124
1126
1128
1133
1144
1162
1170
1176
1193
1214
1225
1233
1235
1237
1240
1255
1287
1288
1349
1353
1368
1387
1388
1410
1411
1414
1461
1465
1467
1468
1471
1479
1485
1505
1536
1539
1583
1587
1591
1597
1612
1630
1653
1677
1694
1696
1709
1714
1719
1721
1723
1728
1739
1759
1761
1807
1809
1812
1828
1844
1847
1874
1884
1908
1934
1935
1936
1939
1945
1950
1969
1973
1981
1984
1987
2026
2030
2061
2086
2110
2140
2141
2153
2167
2176
2188
2207
2221
2224
2249
2278
2308
2309
2326
2342
2346
2372
2415
2432
2448
2455
2461
2467
2473
2510
2513
2559
2579
2592
2596
2622
2634
2653
2664
2671
2715
2735
2788
2812
2814
2819
2822
2863
2866
2881
2908
2911
2918
2931
2933
2939
2955
2965
2971
2975
2980
3023
3043
3044
3049
3060
3126
3132
3151
3162
3175
3195
3197
3203
3218
3232
3254
3265
3272
3277
3288
3300
3338
3339
3358
3402
3413
3427
3466
3468
3476
3477
3526
3553
3569
3598
3599
3614
3634
3642
3655
3658
3659
3668
3687
3691
3699
3703
3718
3720
3751
3768
3774
3783
3788
3798
3804
3827
3839
3840
3872
3889
3922
3924
3927
3936
3938
3939
3945
3957
3962
3965
3982
3996
3999
4013
4017
4022
4039
4047
4054
4075
4086
4127
4128
4142
4143
4220
4235
4288
4302
4310
4323
4374
4395
4441
4449
4453
4470
4494
4517
4531
4532
4553
4558
4578
4582
4586
4588
4619
4643
4670
4697
4704
4712
4720
4758
4773
4781
4796
4808
4809
4827
4828
4847
4873
4891
4902
4910
4936
4951
4962
4967
4980
