2
18
35
75
92
99
103
107
120
125
149
153
154
165
170
177
188
191
192
210
220
226
250
254
256
261
288
294
372
377
386
396
410
414
415
437
439
442
443
446
447
465
473
475
479
491
493
546
554
556
564
604
609
616
623
635
657
664
668
670
709
715
722
723
736
774
781
789
818
820
827
829
832
840
851
853
880
901
924
926
937
943
947
960
968
981
1014
1022
1036
1045
1056
1059
1060
1064
1076
1109
1129
1130
1180
1203
1206
1222
1223
1224
1227
1233
1240
1244
1266
1286
1298
1309
1314
1318
1323
1324
1358
1391
1395
1408
1429
1442
1460
1478
1492
1508
1512
1524
1533
1541
1545
1547
1570
1580
1596
1606
1623
1628
1653
1673
1684
1699
1701
1708
1711
1716
1754
1755
1779
1788
1790
1792
1803
1805
1828
1850
1856
1859
1861
1862
1885
1892
1895
1937
1945
1953
1955
1957
1965
1968
1983
1986
1989
1992
1993
2037
2044
2074
2075
2097
2130
2131
2149
2152
2186
2189
2195
2200
2203
2226
2229
2239
2247
2249
2255
2293
2295
2306
2353
2357
2398
2402
2412
2415
2439
2455
2471
2490
2516
2550
2553
2568
2596
2617
2630
2645
2648
2661
2662
2683
2688
2702
2714
2719
2723
2738
2743
2750
2779
2800
2805
2806
2807
2854
2860
2881
2887
2913
2954
2955
2966
3018
3022
3059
3061
3082
3087
3094
3108
3128
3146
3162
3180
3184
3206
3225
3232
3237
3247
3248
3252
3270
3274
3279
3281
3287
3289
3297
3321
3324
3330
3371
3387
3411
3416
3434
3441
3457
3458
3464
3468
3474
3477
3480
3509
3516
3528
3543
3552
3558
3564
3569
3615
3626
3647
3707
3731
3737
3739
3742
3768
3769
3811
3815
3840
3850
3861
3884
3896
3897
3912
3925
3939
3949
3973
4009
4012
4045
4046
4059
4062
4065
4071
4081
4084
4105
4117
4118
4123
4149
4156
4167
4175
4176
4179
4204
4227
4258
4268
4289
4294
4301
4329
4347
4363
4376
4381
4391
4398
4400
4401
4419
4433
4436
4439
4455
4472
4496
4505
4513
4526
4533
4538
4563
4573
4576
4585
4595
4597
4604
4609
4612
4621
4654
4670
4681
4690
4720
4724
4727
4733
4743
4763
4765
4789
4793
4801
4807
4818
4839
4862
4864
4870
4905
4928
4938
4942
4943
4948
4979
