9
10
33
41
48
54
66
84
98
114
156
166
186
191
195
246
291
368
397
399
416
474
486
522
536
605
739
758
774
834
869
882
919
989
1047
1067
1117
1141
1159
1208
1211
1245
1256
1261
1262
1271
1295
1310
1329
1346
1347
1366
1384
1387
1423
1430
1450
1458
1510
1515
1530
1542
1546
1548
1550
1572
1586
1593
1613
1620
1631
1713
1732
1737
1746
1770
1822
1827
1837
1855
1867
1878
1895
1912
1931
1938
1947
1991
2046
2067
2070
2071
2105
2190
2218
2239
2287
2382
2445
2475
2483
2523
2587
2611
2655
2682
2720
2729
2762
2772
2777
2781
2783
2818
2820
2858
2908
2927
2961
2988
